load_case,ux,uy,uz,rx,ry,rz
FX, 0.84071E-06,-0.37407E-11,-0.12376E-10,-0.24915E-11, 0.47464E-11,-0.27431E-11
FY,-0.37407E-11, 0.15336E-04, 0.14701E-06,-0.21627E-07,-0.73774E-08, 0.12787E-05
FZ,-0.12376E-10, 0.14701E-06, 0.15336E-04, 0.19475E-07,-0.12787E-05, 0.73714E-08
RX,-0.24915E-11,-0.21627E-07, 0.19475E-07, 0.64935E-05,-0.13991E-09,-0.15830E-09
RY, 0.47464E-11,-0.73774E-08,-0.12787E-05,-0.13991E-09, 0.85012E-06,-0.10916E-08
RZ,-0.27431E-11, 0.12787E-05, 0.73714E-08,-0.15830E-09,-0.10916E-08, 0.85012E-06
